7.500000000000000000e+01 0.000000000000000000e+00 5.295190528383290030e+01 3.937321424522006197e+01 1.671539030917347546e+01 6.819640753001583278e+01 2.399999999999999289e+01 7.874642849044012394e+01 5.828460969082650678e+01 6.819640753001583278e+01 7.695190528383288608e+01 3.937321424522009039e+01 1.560833110873805083e+02 1.390575420464492424e+02 1.706878951373063558e+02 1.006184555849995803e+02 1.535378049419884405e+02 9.792126226877660145e+01 1.150695441895899762e+02 1.351517665441336362e+02 9.202522726728746250e+01 1.657676880326484650e+02 1.184446809848205220e+02 1.673751068578881132e+02
0.000000000000000000e+00 7.500000000000000000e+01 3.937321424522006197e+01 7.695190528383290030e+01 6.819640753001583278e+01 5.828460969082652809e+01 7.874642849044012394e+01 2.400000000000000711e+01 6.819640753001584699e+01 1.671539030917344704e+01 3.937321424522009039e+01 5.295190528383287898e+01 1.390575420464492424e+02 1.598812058998805412e+02 1.687622685117028141e+02 1.228634173833795131e+02 1.689532576578980354e+02 9.452470222710316250e+01 1.395206077968412615e+02 1.150695441895899762e+02 1.015987043558328224e+02 1.539726620828433568e+02 1.012807816260514215e+02 1.728238428830856606e+02
7.695190528383290030e+01 3.937321424522006197e+01 7.500000000000000000e+01 0.000000000000000000e+00 5.295190528383290030e+01 3.937321424522006197e+01 1.671539030917347901e+01 6.819640753001583278e+01 2.399999999999997158e+01 7.874642849044012394e+01 5.828460969082650678e+01 6.819640753001583278e+01 1.882067270915188715e+02 1.779056671264000613e+02 2.066848559254052873e+02 1.390575420464492424e+02 1.919935778667962438e+02 1.313440139481049869e+02 1.539726620828433852e+02 1.657676880326484650e+02 1.281043446666559760e+02 1.994802065152804289e+02 1.492240558666241554e+02 2.046414004823533617e+02
3.937321424522006197e+01 5.295190528383290030e+01 0.000000000000000000e+00 7.500000000000000000e+01 3.937321424522006197e+01 7.695190528383290030e+01 6.819640753001581857e+01 5.828460969082653520e+01 7.874642849044013815e+01 2.400000000000002487e+01 6.819640753001584699e+01 1.671539030917344348e+01 1.152987282097418529e+02 1.230749812105284491e+02 1.390575420464492424e+02 8.488445282320228102e+01 1.336085700844073756e+02 6.217689327962956014e+01 1.015987043558328082e+02 9.202522726728747671e+01 6.541478008499181840e+01 1.281043446666559475e+02 7.592656619107594906e+01 1.405351464782436608e+02
5.828460969082652809e+01 6.819640753001583278e+01 7.695190528383290030e+01 3.937321424522006197e+01 7.500000000000000000e+01 0.000000000000000000e+00 5.295190528383290030e+01 3.937321424522005486e+01 1.671539030917350033e+01 6.819640753001581857e+01 2.399999999999997158e+01 7.874642849044012394e+01 1.911367890347158038e+02 1.959258186041070644e+02 2.159889473924939978e+02 1.565990102139857072e+02 2.081312798906150476e+02 1.390575420464492424e+02 1.728238428830856606e+02 1.673751068578881132e+02 1.405351464782436608e+02 2.046414004823533617e+02 1.519299941501788567e+02 2.169432017634545105e+02
6.819640753001583278e+01 1.671539030917347546e+01 3.937321424522006197e+01 5.295190528383290030e+01 0.000000000000000000e+00 7.500000000000000000e+01 3.937321424522006197e+01 7.695190528383290030e+01 6.819640753001581857e+01 5.828460969082654231e+01 7.874642849044012394e+01 2.400000000000002487e+01 1.393925992539916763e+02 1.251357303090205875e+02 1.546714259325231637e+02 8.614101580711981399e+01 1.390575420464492424e+02 8.127342942865432462e+01 1.012807816260514500e+02 1.184446809848205504e+02 7.592656619107597749e+01 1.492240558666241839e+02 1.017403236360482310e+02 1.519299941501788851e+02
2.400000000000000711e+01 7.874642849044012394e+01 5.828460969082653520e+01 6.819640753001583278e+01 7.695190528383290030e+01 3.937321424522005486e+01 7.500000000000000000e+01 0.000000000000000000e+00 5.295190528383291451e+01 3.937321424522004776e+01 1.671539030917349677e+01 6.819640753001581857e+01 1.630490723677997380e+02 1.811353085403284808e+02 1.923526682945367270e+02 1.431662446399658108e+02 1.910184519883565315e+02 1.173033401242715428e+02 1.598812058998805412e+02 1.390575420464492424e+02 1.230749812105284633e+02 1.779056671264000329e+02 1.251357303090205590e+02 1.959258186041070644e+02
7.874642849044012394e+01 2.399999999999999289e+01 6.819640753001581857e+01 1.671539030917347901e+01 3.937321424522006197e+01 5.295190528383290030e+01 0.000000000000000000e+00 7.500000000000000000e+01 3.937321424522004065e+01 7.695190528383290030e+01 6.819640753001581857e+01 5.828460969082654231e+01 1.777920133189339822e+02 1.630490723677997380e+02 1.940443332674676924e+02 1.246002723813176232e+02 1.775294433980349140e+02 1.200571858636481011e+02 1.390575420464492424e+02 1.560833110873805083e+02 1.152987282097418387e+02 1.882067270915188146e+02 1.393925992539916479e+02 1.911367890347158038e+02
1.671539030917344704e+01 6.819640753001583278e+01 2.400000000000002487e+01 7.874642849044012394e+01 5.828460969082654231e+01 6.819640753001581857e+01 7.695190528383290030e+01 3.937321424522004776e+01 7.500000000000000000e+01 0.000000000000000000e+00 5.295190528383290030e+01 3.937321424522005486e+01 1.246002723813176516e+02 1.431662446399658108e+02 1.530205112967755667e+02 1.062245132190356145e+02 1.523166852460314544e+02 7.808583231688749038e+01 1.228634173833795415e+02 1.006184555849996087e+02 8.488445282320232366e+01 1.390575420464492424e+02 8.614101580711981399e+01 1.565990102139857356e+02
6.819640753001584699e+01 5.828460969082650678e+01 7.874642849044013815e+01 2.399999999999997158e+01 6.819640753001581857e+01 1.671539030917350033e+01 3.937321424522004065e+01 5.295190528383291451e+01 0.000000000000000000e+00 7.500000000000000000e+01 3.937321424522006197e+01 7.695190528383290030e+01 1.940443332674677208e+02 1.923526682945366986e+02 2.163259266625989881e+02 1.530205112967755383e+02 2.054523218326630456e+02 1.395803752348969056e+02 1.687622685117028141e+02 1.706878951373063558e+02 1.390575420464492424e+02 2.066848559254052873e+02 1.546714259325231353e+02 2.159889473924939978e+02
5.295190528383287898e+01 3.937321424522009039e+01 1.671539030917344348e+01 6.819640753001583278e+01 2.400000000000002487e+01 7.874642849044012394e+01 5.828460969082654231e+01 6.819640753001581857e+01 7.695190528383290030e+01 3.937321424522005486e+01 7.500000000000000000e+01 0.000000000000000000e+00 1.200571858636480869e+02 1.173033401242715428e+02 1.395803752348969056e+02 7.808583231688747617e+01 1.293958147604728879e+02 6.333756554068892086e+01 9.452470222710317671e+01 9.792126226877660145e+01 6.217689327962955304e+01 1.313440139481049584e+02 8.127342942865426778e+01 1.390575420464492424e+02
3.937321424522009039e+01 7.695190528383288608e+01 6.819640753001584699e+01 5.828460969082650678e+01 7.874642849044012394e+01 2.399999999999997158e+01 6.819640753001581857e+01 1.671539030917349677e+01 3.937321424522006197e+01 5.295190528383290030e+01 0.000000000000000000e+00 7.500000000000000000e+01 1.775294433980349424e+02 1.910184519883565315e+02 2.054523218326630740e+02 1.523166852460314260e+02 2.018041291610064434e+02 1.293958147604729163e+02 1.689532576578980354e+02 1.535378049419884690e+02 1.336085700844074040e+02 1.919935778667962438e+02 1.390575420464492424e+02 2.081312798906150761e+02
1.598812058998805412e+02 1.390575420464492424e+02 1.230749812105284491e+02 1.779056671264000613e+02 1.251357303090205875e+02 1.959258186041070644e+02 1.630490723677997380e+02 1.811353085403284808e+02 1.923526682945366986e+02 1.431662446399658108e+02 1.910184519883565315e+02 1.173033401242715428e+02 7.500000000000000000e+01 0.000000000000000000e+00 5.295190528383290030e+01 3.937321424522006197e+01 1.671539030917347191e+01 6.819640753001583278e+01 2.400000000000000000e+01 7.874642849044012394e+01 5.828460969082651388e+01 6.819640753001583278e+01 7.695190528383288608e+01 3.937321424522008328e+01
1.390575420464492424e+02 1.560833110873805083e+02 1.152987282097418529e+02 1.882067270915188715e+02 1.393925992539916763e+02 1.911367890347158038e+02 1.777920133189339822e+02 1.630490723677997380e+02 1.940443332674677208e+02 1.246002723813176516e+02 1.775294433980349424e+02 1.200571858636480869e+02 0.000000000000000000e+00 7.500000000000000000e+01 3.937321424522006197e+01 7.695190528383290030e+01 6.819640753001583278e+01 5.828460969082652809e+01 7.874642849044012394e+01 2.400000000000000000e+01 6.819640753001584699e+01 1.671539030917343993e+01 3.937321424522009039e+01 5.295190528383287898e+01
1.228634173833795131e+02 1.006184555849995803e+02 8.488445282320228102e+01 1.390575420464492424e+02 8.614101580711981399e+01 1.565990102139857072e+02 1.246002723813176232e+02 1.431662446399658108e+02 1.530205112967755383e+02 1.062245132190356145e+02 1.523166852460314260e+02 7.808583231688747617e+01 7.695190528383290030e+01 3.937321424522006197e+01 7.500000000000000000e+01 0.000000000000000000e+00 5.295190528383290030e+01 3.937321424522006197e+01 1.671539030917347191e+01 6.819640753001583278e+01 2.399999999999997513e+01 7.874642849044012394e+01 5.828460969082650678e+01 6.819640753001583278e+01
1.687622685117028141e+02 1.706878951373063558e+02 1.390575420464492424e+02 2.066848559254052873e+02 1.546714259325231637e+02 2.159889473924939978e+02 1.940443332674676924e+02 1.923526682945367270e+02 2.163259266625989881e+02 1.530205112967755667e+02 2.054523218326630740e+02 1.395803752348969056e+02 3.937321424522006197e+01 5.295190528383290030e+01 0.000000000000000000e+00 7.500000000000000000e+01 3.937321424522006197e+01 7.695190528383290030e+01 6.819640753001583278e+01 5.828460969082652809e+01 7.874642849044013815e+01 2.400000000000002842e+01 6.819640753001584699e+01 1.671539030917344348e+01
9.452470222710316250e+01 9.792126226877660145e+01 6.217689327962956014e+01 1.313440139481049869e+02 8.127342942865432462e+01 1.390575420464492424e+02 1.200571858636481011e+02 1.173033401242715428e+02 1.395803752348969056e+02 7.808583231688749038e+01 1.293958147604729163e+02 6.333756554068892086e+01 5.828460969082652809e+01 6.819640753001583278e+01 7.695190528383290030e+01 3.937321424522006197e+01 7.500000000000000000e+01 0.000000000000000000e+00 5.295190528383290030e+01 3.937321424522006197e+01 1.671539030917350033e+01 6.819640753001581857e+01 2.399999999999996803e+01 7.874642849044012394e+01
1.689532576578980354e+02 1.535378049419884405e+02 1.336085700844073756e+02 1.919935778667962438e+02 1.390575420464492424e+02 2.081312798906150476e+02 1.775294433980349140e+02 1.910184519883565315e+02 2.054523218326630456e+02 1.523166852460314544e+02 2.018041291610064434e+02 1.293958147604728879e+02 6.819640753001583278e+01 1.671539030917347191e+01 3.937321424522006197e+01 5.295190528383290030e+01 0.000000000000000000e+00 7.500000000000000000e+01 3.937321424522006197e+01 7.695190528383290030e+01 6.819640753001581857e+01 5.828460969082654231e+01 7.874642849044012394e+01 2.400000000000002487e+01
1.150695441895899762e+02 1.351517665441336362e+02 9.202522726728747671e+01 1.657676880326484650e+02 1.184446809848205504e+02 1.673751068578881132e+02 1.560833110873805083e+02 1.390575420464492424e+02 1.706878951373063558e+02 1.006184555849996087e+02 1.535378049419884690e+02 9.792126226877660145e+01 2.400000000000000000e+01 7.874642849044012394e+01 5.828460969082652809e+01 6.819640753001583278e+01 7.695190528383290030e+01 3.937321424522006197e+01 7.500000000000000000e+01 0.000000000000000000e+00 5.295190528383292161e+01 3.937321424522003355e+01 1.671539030917350743e+01 6.819640753001581857e+01
1.395206077968412615e+02 1.150695441895899762e+02 1.015987043558328082e+02 1.539726620828433852e+02 1.012807816260514500e+02 1.728238428830856606e+02 1.390575420464492424e+02 1.598812058998805412e+02 1.687622685117028141e+02 1.228634173833795415e+02 1.689532576578980354e+02 9.452470222710317671e+01 7.874642849044012394e+01 2.400000000000000000e+01 6.819640753001583278e+01 1.671539030917347191e+01 3.937321424522006197e+01 5.295190528383290030e+01 0.000000000000000000e+00 7.500000000000000000e+01 3.937321424522004065e+01 7.695190528383290030e+01 6.819640753001581857e+01 5.828460969082654231e+01
1.539726620828433568e+02 1.657676880326484650e+02 1.281043446666559475e+02 1.994802065152804289e+02 1.492240558666241839e+02 2.046414004823533617e+02 1.882067270915188146e+02 1.779056671264000329e+02 2.066848559254052873e+02 1.390575420464492424e+02 1.919935778667962438e+02 1.313440139481049584e+02 1.671539030917343993e+01 6.819640753001583278e+01 2.400000000000002842e+01 7.874642849044012394e+01 5.828460969082654231e+01 6.819640753001581857e+01 7.695190528383290030e+01 3.937321424522003355e+01 7.500000000000000000e+01 0.000000000000000000e+00 5.295190528383290030e+01 3.937321424522005486e+01
1.015987043558328224e+02 9.202522726728746250e+01 6.541478008499181840e+01 1.281043446666559760e+02 7.592656619107597749e+01 1.405351464782436608e+02 1.152987282097418387e+02 1.230749812105284633e+02 1.390575420464492424e+02 8.488445282320232366e+01 1.336085700844074040e+02 6.217689327962955304e+01 6.819640753001584699e+01 5.828460969082651388e+01 7.874642849044013815e+01 2.399999999999997513e+01 6.819640753001581857e+01 1.671539030917350033e+01 3.937321424522004065e+01 5.295190528383292161e+01 0.000000000000000000e+00 7.500000000000000000e+01 3.937321424522006197e+01 7.695190528383290030e+01
1.728238428830856606e+02 1.673751068578881132e+02 1.405351464782436608e+02 2.046414004823533617e+02 1.519299941501788851e+02 2.169432017634545105e+02 1.911367890347158038e+02 1.959258186041070644e+02 2.159889473924939978e+02 1.565990102139857356e+02 2.081312798906150761e+02 1.390575420464492424e+02 5.295190528383287898e+01 3.937321424522008328e+01 1.671539030917344348e+01 6.819640753001583278e+01 2.400000000000002487e+01 7.874642849044012394e+01 5.828460969082654231e+01 6.819640753001581857e+01 7.695190528383290030e+01 3.937321424522005486e+01 7.500000000000000000e+01 0.000000000000000000e+00
1.012807816260514215e+02 1.184446809848205220e+02 7.592656619107594906e+01 1.492240558666241554e+02 1.017403236360482310e+02 1.519299941501788567e+02 1.393925992539916479e+02 1.251357303090205590e+02 1.546714259325231353e+02 8.614101580711981399e+01 1.390575420464492424e+02 8.127342942865426778e+01 3.937321424522009039e+01 7.695190528383288608e+01 6.819640753001584699e+01 5.828460969082650678e+01 7.874642849044012394e+01 2.399999999999996803e+01 6.819640753001581857e+01 1.671539030917350743e+01 3.937321424522006197e+01 5.295190528383290030e+01 0.000000000000000000e+00 7.500000000000000000e+01
