1.000000000000000000e+00
1.000000000000000000e+00
1.050868164747953415e-02
1.050868164747953415e-02
2.003943700401578099e-05
2.003943700401578099e-05
4.723581241705687717e-06
4.723581241705687717e-06
8.647971583286562236e-08
8.647971583286562236e-08
2.955193867393290930e-10
2.955193867393290930e-10
4.642057849224556776e-09
4.642057849224556776e-09
3.527964054228505120e-07
3.527964054228505120e-07
9.878299351839814335e-06
9.878299351839814335e-06
7.112375460565090179e-04
7.112375460565090179e-04
5.263157933950424194e-02
5.263157933950424194e-02
1.000000000000000000e+00
1.000000000000000000e+00
